Area: 78.53981633974483
Perimeter: 31.41592653589793
Area: 28
Perimeter: 22
